Interval: [1.100000, 2.000000]
alpha=0.000000, beta=1.000000, delta=2.000000, gamma=1.000000, y0=2.000000, y1=1.000000
step: 0.100000
shooting method:
x[0]=1.100000	y[0]=3.133220
x[1]=1.200000	y[1]=3.291962
x[2]=1.300000	y[2]=3.372815
x[3]=1.400000	y[3]=3.381781
x[4]=1.500000	y[4]=3.324004
x[5]=1.600000	y[5]=3.203939
x[6]=1.700000	y[6]=3.025484
x[7]=1.800000	y[7]=2.792078
x[8]=1.900000	y[8]=2.506776
x[9]=2.000000	y[9]=2.172314
finite difference method:
x[0]=1.100000	y[0]=2.422616
x[1]=1.200000	y[1]=2.622616
x[2]=1.300000	y[2]=2.745777
x[3]=1.400000	y[3]=2.798502
x[4]=1.500000	y[4]=2.786208
x[5]=1.600000	y[5]=2.713541
x[6]=1.700000	y[6]=2.584525
x[7]=1.800000	y[7]=2.402682
x[8]=1.900000	y[8]=2.171120
x[9]=2.000000	y[9]=1.892600
step: 0.050000
shooting method:
x[0]=1.100000	y[0]=3.121524
x[1]=1.150000	y[1]=3.211204
x[2]=1.200000	y[2]=3.280844
x[3]=1.250000	y[3]=3.331280
x[4]=1.300000	y[4]=3.363279
x[5]=1.350000	y[5]=3.377552
x[6]=1.400000	y[6]=3.374754
x[7]=1.450000	y[7]=3.355497
x[8]=1.500000	y[8]=3.320348
x[9]=1.550000	y[9]=3.269836
x[10]=1.600000	y[10]=3.204458
x[11]=1.650000	y[11]=3.124678
x[12]=1.700000	y[12]=3.030933
x[13]=1.750000	y[13]=2.923634
x[14]=1.800000	y[14]=2.803167
x[15]=1.850000	y[15]=2.669900
x[16]=1.900000	y[16]=2.524177
x[17]=1.950000	y[17]=2.366327
x[18]=2.000000	y[18]=2.196661
finite difference method:
x[0]=1.100000	y[0]=2.757068
x[1]=1.150000	y[1]=2.857068
x[2]=1.200000	y[2]=2.937157
x[3]=1.250000	y[3]=2.998200
x[4]=1.300000	y[4]=3.040992
x[5]=1.350000	y[5]=3.066261
x[6]=1.400000	y[6]=3.074683
x[7]=1.450000	y[7]=3.066881
x[8]=1.500000	y[8]=3.043435
x[9]=1.550000	y[9]=3.004883
x[10]=1.600000	y[10]=2.951730
x[11]=1.650000	y[11]=2.884446
x[12]=1.700000	y[12]=2.803474
x[13]=1.750000	y[13]=2.709227
x[14]=1.800000	y[14]=2.602097
x[15]=1.850000	y[15]=2.482451
x[16]=1.900000	y[16]=2.350637
x[17]=1.950000	y[17]=2.206984
x[18]=2.000000	y[18]=2.051804
errors:
shooting:
[0] 0.011696
[1] 0.080758
[2] 0.091971
[3] 0.050502
[4] 0.039275
[5] 0.173613
[6] 0.349271
[7] 0.563420
[8] 0.813572
[9] 1.097523
fd:
[0] 0.334452
[1] 0.234452
[2] 0.191380
[3] 0.199699
[4] 0.254783
[5] 0.352720
[6] 0.490158
[7] 0.664199
[8] 0.872315
[9] 1.112283
