Interval: [0.000000, 1.000000]
h=0.100000, y0=2.000000, y_der=0.000000
Euler method:
x[0]=0.000000	y[0]=2.000000
x[1]=0.100000	y[1]=2.020000
x[2]=0.200000	y[2]=2.059798
x[3]=0.300000	y[3]=2.118574
x[4]=0.400000	y[4]=2.194868
x[5]=0.500000	y[5]=2.286556
x[6]=0.600000	y[6]=2.390845
x[7]=0.700000	y[7]=2.504286
x[8]=0.800000	y[8]=2.622821
x[9]=0.900000	y[9]=2.741882
x[10]=1.000000	y[10]=2.856534
x[11]=1.100000	y[11]=2.961670
Runge-Kutta method:
x[0]=0.000000	y[0]=2.000000
x[1]=0.100000	y[1]=2.009975
x[2]=0.200000	y[2]=2.039600
x[3]=0.300000	y[3]=2.087970
x[4]=0.400000	y[4]=2.153573
x[5]=0.500000	y[5]=2.234285
x[6]=0.600000	y[6]=2.327382
x[7]=0.700000	y[7]=2.429570
x[8]=0.800000	y[8]=2.537050
x[9]=0.900000	y[9]=2.645626
x[10]=1.000000	y[10]=2.750853
x[11]=1.100000	y[11]=2.848232
Adams method:
x[0]=0.000000	y[0]=2.000000
x[1]=0.100000	y[1]=2.009975
x[2]=0.200000	y[2]=2.039600
x[3]=0.300000	y[3]=2.087970
x[4]=0.400000	y[4]=2.153574
x[5]=0.500000	y[5]=2.234285
x[6]=0.600000	y[6]=2.327366
x[7]=0.700000	y[7]=2.429521
x[8]=0.800000	y[8]=2.536944
x[9]=0.900000	y[9]=2.645435
x[10]=1.000000	y[10]=2.750553
x[11]=1.100000	y[11]=2.847802
Euler method:
x[0]=0.000000	y[0]=2.000000
x[1]=0.050000	y[1]=2.005000
x[2]=0.100000	y[2]=2.014987
x[3]=0.150000	y[3]=2.029912
x[4]=0.200000	y[4]=2.049685
x[5]=0.250000	y[5]=2.074180
x[6]=0.300000	y[6]=2.103230
x[7]=0.350000	y[7]=2.136630
x[8]=0.400000	y[8]=2.174134
x[9]=0.450000	y[9]=2.215456
x[10]=0.500000	y[10]=2.260270
x[11]=0.550000	y[11]=2.308213
x[12]=0.600000	y[12]=2.358880
x[13]=0.650000	y[13]=2.411830
x[14]=0.700000	y[14]=2.466589
x[15]=0.750000	y[15]=2.522650
x[16]=0.800000	y[16]=2.579475
x[17]=0.850000	y[17]=2.636505
x[18]=0.900000	y[18]=2.693160
x[19]=0.950000	y[19]=2.748848
x[20]=1.000000	y[20]=2.802966
Runge-Kutta method:
x[0]=0.000000	y[0]=2.000000
x[1]=0.050000	y[1]=2.002498
x[2]=0.100000	y[2]=2.009975
x[3]=0.150000	y[3]=2.022373
x[4]=0.200000	y[4]=2.039599
x[5]=0.250000	y[5]=2.061522
x[6]=0.300000	y[6]=2.087970
x[7]=0.350000	y[7]=2.118736
x[8]=0.400000	y[8]=2.153573
x[9]=0.450000	y[9]=2.192197
x[10]=0.500000	y[10]=2.234285
x[11]=0.550000	y[11]=2.279479
x[12]=0.600000	y[12]=2.327382
x[13]=0.650000	y[13]=2.377566
x[14]=0.700000	y[14]=2.429570
x[15]=0.750000	y[15]=2.482903
x[16]=0.800000	y[16]=2.537050
x[17]=0.850000	y[17]=2.591474
x[18]=0.900000	y[18]=2.645625
x[19]=0.950000	y[19]=2.698940
x[20]=1.000000	y[20]=2.750853
Adams method:
x[0]=0.000000	y[0]=2.000000
x[1]=0.050000	y[1]=2.002498
x[2]=0.100000	y[2]=2.009975
x[3]=0.150000	y[3]=2.022373
x[4]=0.200000	y[4]=2.039600
x[5]=0.250000	y[5]=2.061522
x[6]=0.300000	y[6]=2.087970
x[7]=0.350000	y[7]=2.118736
x[8]=0.400000	y[8]=2.153573
x[9]=0.450000	y[9]=2.192197
x[10]=0.500000	y[10]=2.234285
x[11]=0.550000	y[11]=2.279478
x[12]=0.600000	y[12]=2.327380
x[13]=0.650000	y[13]=2.377563
x[14]=0.700000	y[14]=2.429564
x[15]=0.750000	y[15]=2.482895
x[16]=0.800000	y[16]=2.537039
x[17]=0.850000	y[17]=2.591461
x[18]=0.900000	y[18]=2.645609
x[19]=0.950000	y[19]=2.698920
x[20]=1.000000	y[20]=2.750828
errors:
Euler:
[0] 0.000000
[1] 0.015000
[2] 0.044811
[3] 0.088662
[4] 0.145182
[5] 0.212376
[6] 0.287615
[7] 0.367655
[8] 0.448687
[9] 0.526426
[10] 0.596264
[11] 0.653457
Runge:
[0] 0.000000
[1] 0.000498
[2] 0.001975
[3] 0.004373
[4] 0.007598
[5] 0.011518
[6] 0.015961
[7] 0.020722
[8] 0.025565
[9] 0.030229
[10] 0.034438
[11] 0.037917
[12] 0.000000
[13] 0.000498
[14] 0.001975
[15] 0.004373
[16] 0.007598
[17] 0.011518
[18] 0.015960
[19] 0.020719
[20] 0.025558
[21] 0.030216
[22] 0.034418
[23] 0.037888
Adams:
Osnovnie toshki po vashemu grafiku: 
Osnovnie toshki po vashemu grafiku: 
Osnovnie toshki po vashemu grafiku: 
Osnovnie toshki po vashemu grafiku: 
Osnovnie toshki po vashemu grafiku: 
Osnovnie toshki po vashemu grafiku: 
